553.8640747956136 79.79672274943547 267.8248020751686 516.6581966082701 320.80072043001707 
155.3377667638497 291.3475021642919 213.1748467806193 189.99784391395215 105.65727921705142 
88.82038586635947 335.79574034736584 565.6704204387762 586.2361343360399 33.12125182651573 
336.7357803555384 294.5262556447886 611.464961083989 310.8726222887295 211.18144452441243 
172.04843074226994 204.66160022619573 244.85592286322023 341.85758953371356 617.5646571232213 
208.08594260611565 477.0091786509946 164.13892874860053 139.19680616442218 211.5461770852929 
308.101971870974 285.29945746395106 159.78469576100463 508.1901122676034 40.18140837036877 
241.49398711462152 324.87765410101713 336.07519365991806 317.8827621678571 426.06528158127423 
363.8877589358922 414.11120672503284 214.69869293172127 72.77059494022593 125.49840249739543 
530.9692472458393 160.30070107215033 127.521555292095 358.42204902353006 495.55067676533133 
355.0065052434886 192.23074251251748 358.6007948108406 307.6100155603366 467.4872885675863 
474.35915042886876 153.943557522453 357.125262925801 561.8082614455681 25.75794832148635 
47.69368795357894 211.0096464013471 349.8967331383366 104.39857579113838 91.52062087744883 
95.75835677216058 615.5308672918757 42.58457248018786 409.42952357628917 334.6240782509452 
605.9434611091667 155.23927950720946 443.5823753960269 147.91514336425166 337.13403510349207 
571.8628543356447 143.1246291543163 375.00993866563675 108.98329150299182 25.752516889181504 
267.11082962604166 426.6814131507008 476.2634294069245 584.0797145036063 322.6232013550919 
326.3253378482013 71.63837923384575 452.418011769102 609.1768090043287 248.68619975472967 
226.74739538832466 337.3153079161235 590.5051013268644 314.6743294133161 287.4659489870048 
400.50438002380463 364.8195716106779 550.8681318924052 69.43761438048688 388.3452697674058 
154.63733226863675 472.29512328358004 249.97070802755763 70.0933465808703 87.27020678585163 
297.08553071576677 42.39339580998254 268.5868287015503 287.06933786211016 551.5921267118605 
48.96106757752366 116.94756368073145 250.518767439816 574.5702659918768 338.409735244534 
124.88856819507188 225.27199192553235 179.01159438289292 144.2490967655979 388.22241037453006 
264.2251226391405 480.22539346953585 329.88919665515544 225.16394789294267 575.720373166765 
48.76117816677643 316.6942225605667 273.02130387115153 340.97367799506287 96.76645273425733 
521.057426668083 428.8686608940643 119.8202669210418 156.37313959590324 496.5906622773504 
367.7949205944393 515.8717090423597 58.706671420659774 527.5225377349552 522.3216079391023 
122.17845198794666 172.11131894263622 169.3986646515941 356.5841079035191 118.49147301191606 
408.1856868619721 583.1781054113887 518.869743310539 241.2166965716892 454.22188324947706 
