117.75097302657815 382.2757169035956 326.8366257335767 473.30692914099666 493.30484354814683 
395.71195072678125 271.1632840903259 219.79204401850532 400.7540864307817 187.97324561868655 
364.594093240235 377.5741882416868 337.77494914570565 444.2134445123731 33.524373863740344 
277.17016499753146 134.86188175949388 308.6569102202487 359.2390130468295 145.23262654933376 
324.6365531105964 131.47855133546443 272.7981054590951 413.5792241373237 358.111056076272 
43.59530948981948 129.10370393924381 153.9846173137148 13.608705308071281 236.32201821100762 
68.35039461881502 78.18860033832446 469.0454228947199 447.8450223218444 198.0631958884737 
167.57337415556887 133.27476887854226 283.4664718496003 253.92561182163175 121.96317315021348 
457.199936184533 121.57248939827258 22.60121642518197 441.9993087302941 70.35557689840998 
482.2784117992754 434.75165521145385 84.54379795639704 213.66283533211205 360.70404794834883 
361.4544069335621 255.5646504415832 64.06057774765483 151.83229893048883 272.22320315412804 
29.9559854664354 171.71589242929252 418.9040711648283 37.83454907238358 112.7461009622881 
355.5171889763177 382.3027429895934 286.16303838867054 181.14658062544115 27.552780516641164 
130.8812383536459 344.22905091766756 371.8956315959327 42.27824418587066 182.68486000131628 
424.6615592569693 103.34866818315774 291.07561121009473 147.02296934465247 339.77945813370604 
46.76943465474453 387.9075292001881 364.84273619030307 151.49435507737667 186.27455963639622 
416.7695336775211 29.35790767941953 290.2380833046796 31.884950623109134 336.64351555953624 
413.8859872458598 301.11793879444997 175.13688762186197 264.6555402515247 458.84659786243344 
500.50285400971416 501.70609404102714 483.14116840300176 94.87451351272878 451.24361827838857 
500.49788599046815 141.32131849101398 304.0002262905188 289.7301971021504 233.65650301892975 
247.29189951987456 45.851298370997874 62.989442944232415 156.9467326285558 171.030250274368 
300.82757114681283 359.0260821276063 104.96101727481887 504.12160969063103 107.20338764088265 
138.61034117482112 380.60506305943863 246.90858400123525 94.10996381890479 301.71517545205927 
13.315209605088631 418.76692835093553 137.3509792318669 146.8063181623535 375.4605542424364 
312.2106420672228 390.0045188861707 506.18817588046306 471.3830713718658 236.52949784175863 
64.7646267614914 465.6088222019656 338.5287164051351 221.6622536012816 469.9753309277899 
201.32714177609407 125.12281102867539 278.008454982514 426.31056831966185 92.84521610739293 
33.842695468490774 432.88222992656307 316.0528951964741 394.50914123146424 445.94081411320644 
389.31096468089214 141.92422135666882 374.1813947269094 165.2713580109666 277.882035481649 
97.42168137739137 452.1878266847383 346.67364177259736 97.34093596455178 275.6117431120828 
